29 0.8981770873 0.3495370448 0.0078125000 0.0231481474
30 0.9052083492 0.3499999940 0.0072916667 0.0240740739
21 0.2830729187 0.5157407522 0.0182291660 0.0537037030
21 0.3768229187 0.5203703642 0.0171875004 0.0537037030
16 0.2982826577 0.5165165165 0.0184403153 0.0530530531
5 0.3148930180 0.5157657658 0.0171734234 0.0538038038
9 0.3458614865 0.5190190190 0.0175957207 0.0545545546
8 0.3610641892 0.5190190190 0.0170326577 0.0533033033
0 0.3293918919 0.5205205205 0.1137387387 0.0890890891
13 0.8907657658 0.3485985986 0.0071790541 0.0247747748
0 0.8879504505 0.3503503504 0.0433558559 0.0345345345
2 0.8785191441 0.3485985986 0.0087274775 0.0230230230
10 0.8713400901 0.3475975976 0.0073198198 0.0230230230
