4 0.0049479167 0.3254629630 0.0062500000 0.0201388889
8 0.0108072917 0.3254629630 0.0054687500 0.0215277778
4 0.0164062500 0.3259259259 0.0066406250 0.0194444444
9 0.0223958333 0.3261574074 0.0059895833 0.0203703704
0 0.0135091146 0.3254629630 0.0270182292 0.0405092593
23 0.8652343750 0.3689814815 0.0063802083 0.0222222222
24 0.8720052083 0.3687500000 0.0076822917 0.0208333333
6 0.8839843750 0.3692129630 0.0063802083 0.0210648148
5 0.8903645833 0.3694444444 0.0065104167 0.0217592593
1 0.8962239583 0.3701388889 0.0045572917 0.0222222222
6 0.9024739583 0.3703703704 0.0074218750 0.0229166667
0 0.8838541667 0.3689814815 0.0500000000 0.0453703704
