0 0.2243400067 0.3218188286 0.0549471155 0.0491807871
26 0.6638054252 0.4910970628 0.0194760002 0.0628923923
26 0.6796631813 0.4946067631 0.0191328581 0.0603693612
5 0.5985620132 0.4866879659 0.0155781905 0.0585729499
4 0.6153385261 0.4898828541 0.0185739964 0.0607028754
8 0.6327142001 0.4888178914 0.0179748352 0.0543130990
0 0.6494907130 0.4898828541 0.1294188137 0.1235356763
18 0.6968244458 0.4952076677 0.0185739964 0.0607028754
8 0.2432594368 0.3205537806 0.0077890953 0.0266240682
5 0.2366686639 0.3216187433 0.0077890953 0.0266240682
5 0.2306770521 0.3205537806 0.0077890953 0.0266240682
7 0.2246854404 0.3194888179 0.0077890953 0.0308839191
32 0.2115038945 0.3194888179 0.0095865788 0.0266240682
26 0.2043139605 0.3194888179 0.0089874176 0.0266240682
