28 0.8004793289 0.4621938232 0.0185739964 0.0553780618
12 0.8178550030 0.4611288605 0.0167765129 0.0596379127
7 0.8346315159 0.4632587859 0.0179748352 0.0617678381
6 0.8496105452 0.4621938232 0.0149790294 0.0617678381
6 0.8663870581 0.4621938232 0.0185739964 0.0660276890
0 0.8382264829 0.4643237487 0.1234272019 0.1022364217
20 0.8837627322 0.4643237487 0.0197723188 0.0638977636
3 0.4020371480 0.3120340788 0.0083882564 0.0308839191
4 0.4098262433 0.3120340788 0.0089874176 0.0298189563
1 0.4164170162 0.3120340788 0.0071899341 0.0308839191
30 0.4313960455 0.3120340788 0.0083882564 0.0308839191
13 0.4391851408 0.3130990415 0.0077890953 0.0308839191
18 0.4469742361 0.3141640043 0.0107849011 0.0308839191
0 0.4248052726 0.3109691161 0.0587177951 0.0543130990
