10 0.2932291627 0.3217592537 0.0145833334 0.0416666679
8 0.3054687381 0.3231481612 0.0140624996 0.0425925925
8 0.3174479306 0.3240740597 0.0140624996 0.0407407396
0 0.3276041746 0.3245370388 0.0927083343 0.0861111134
20 0.3661458194 0.3277777731 0.0156250000 0.0518518500
18 0.3544270694 0.3273148239 0.0151041662 0.0490740724
28 0.3415218694 0.3258785942 0.0137807070 0.0457933972
22 0.7064110246 0.1810436635 0.0113840623 0.0340788072
33 0.6986219293 0.1799787007 0.0095865788 0.0340788072
29 0.6908328340 0.1789137380 0.0095865788 0.0330138445
10 0.6752546435 0.1778487753 0.0101857400 0.0308839191
7 0.6662672259 0.1778487753 0.0089874176 0.0319488818
8 0.6596764530 0.1767838126 0.0095865788 0.0319488818
0 0.6830437388 0.1778487753 0.0605152786 0.0447284345
