17 0.6925000000 0.4155555556 0.0160416667 0.0468518519
16 0.7070833333 0.4168518519 0.0171875000 0.0492592593
2 0.7226041667 0.4188888889 0.0163541667 0.0479629630
5 0.7530208333 0.4216666667 0.0163541667 0.0488888889
2 0.7681250000 0.4235185185 0.0156250000 0.0485185185
12 0.7833333333 0.4244444444 0.0143750000 0.0481481481
0 0.7381250000 0.4253703704 0.1191666667 0.1050000000
0 0.3028125000 0.2120370370 0.0460416667 0.0442592593
10 0.2848958333 0.2107407407 0.0065625000 0.0201851852
2 0.2912500000 0.2114814815 0.0064583333 0.0201851852
3 0.2968750000 0.2118518519 0.0068750000 0.0214814815
23 0.3083333333 0.2125925926 0.0067708333 0.0214814815
17 0.3143750000 0.2135185185 0.0063541667 0.0201851852
33 0.3206250000 0.2135185185 0.0073958333 0.0196296296
