0 0.9850209706 0.0436634718 0.0299580587 0.0543130990
22 0.9767361111 0.0466049383 0.0095486111 0.0280864198
17 0.9855902778 0.0462962963 0.0088541667 0.0277777778
21 0.4322916667 0.1626543210 0.0100694444 0.0373456790
11 0.4439236111 0.1626543210 0.0109375000 0.0373456790
9 0.4553819444 0.1641975309 0.0119791667 0.0370370370
10 0.4776041667 0.1657407407 0.0121527778 0.0358024691
2 0.4885416667 0.1679012346 0.0119791667 0.0373456790
23 0.5000000000 0.1675925926 0.0116319444 0.0376543210
0 0.4661458333 0.1682098765 0.0812500000 0.0570987654
