0 0.1479166597 0.4328703582 0.0281249993 0.0250000004
17 0.3601562381 0.6064814925 0.0130208330 0.0481481478
13 0.3479166627 0.6064814925 0.0145833334 0.0462962948
9 0.3721354306 0.6064814925 0.0130208330 0.0462962948
10 0.3924505692 0.6048988285 0.0125823847 0.0425985091
5 0.4056321150 0.6038338658 0.0131815458 0.0447284345
24 0.4170161774 0.6027689031 0.0131815458 0.0457933972
26 0.8496105452 0.4962726305 0.0113840623 0.0351437700
2 0.8412222888 0.4962726305 0.0095865788 0.0330138445
7 0.8322348712 0.4952076677 0.0089874176 0.0362087327
1 0.8160575195 0.4973375932 0.0089874176 0.0351437700
23 0.8070701019 0.4984025559 0.0107849011 0.0298189563
13 0.7974835231 0.4973375932 0.0107849011 0.0351437700
0 0.8238466147 0.4994675186 0.0671060515 0.0457933972
0 0.3822648292 0.6102236422 0.0892750150 0.0692225772
