12 0.7873958333 0.5488888889 0.0046875000 0.0161111111
28 0.7919791667 0.5490740741 0.0046875000 0.0168518519
33 0.7968750000 0.5494444444 0.0051041667 0.0170370370
7 0.8058333333 0.5501851852 0.0045833333 0.0159259259
6 0.8101041667 0.5503703704 0.0048958333 0.0164814815
5 0.8145833333 0.5505555556 0.0046875000 0.0166666667
4 0.8190625000 0.5507407407 0.0044791667 0.0172222222
0 0.8034375000 0.5496296296 0.0404166667 0.0357407407
0 0.6283333333 0.4757407407 0.0133333333 0.0118518519
0 0.1505208333 0.5783333333 0.0847916667 0.0796296296
