23 0.5084635417 0.3807870370 0.0096354167 0.0289351852
24 0.5174479167 0.3812500000 0.0097656250 0.0280092593
6 0.5342447917 0.3826388889 0.0096354167 0.0282407407
9 0.5428385417 0.3826388889 0.0093750000 0.0282407407
8 0.5515625000 0.3837962963 0.0088541667 0.0287037037
6 0.5600260417 0.3833333333 0.0092447917 0.0289351852
0 0.5348958333 0.3824074074 0.0677083333 0.0655092593
22 0.8898437500 0.3004629630 0.0050781250 0.0171296296
13 0.8949218750 0.3011574074 0.0048177083 0.0166666667
3 0.8994791667 0.3013888889 0.0049479167 0.0171296296
7 0.9089843750 0.3025462963 0.0049479167 0.0171296296
10 0.9135416667 0.3027777778 0.0050781250 0.0171296296
29 0.9183593750 0.3030092593 0.0049479167 0.0171296296
0 0.9044270833 0.3027777778 0.0348958333 0.0282407407
