0 0.1204313960 0.6496272630 0.1060515279 0.1033013845
16 0.0796884362 0.6496272630 0.0173756741 0.0564430245
20 0.0940683044 0.6474973376 0.0167765129 0.0543130990
8 0.1078490114 0.6506922258 0.0143798682 0.0479233227
7 0.1336129419 0.6528221512 0.0167765129 0.0532481363
3 0.1479928101 0.6549520767 0.0149790294 0.0500532481
26 0.1611743559 0.6560170394 0.0173756741 0.0511182109
0 0.6357100060 0.7486687966 0.0724985021 0.0702875399
10 0.6081485920 0.7476038339 0.0089874176 0.0383386581
3 0.6165368484 0.7486687966 0.0101857400 0.0362087327
9 0.6255242660 0.7507987220 0.0089874176 0.0340788072
22 0.6423007789 0.7518636848 0.0095865788 0.0308839191
21 0.6518873577 0.7518636848 0.0089874176 0.0351437700
21 0.6602756141 0.7539936102 0.0113840623 0.0340788072
