0 0.7759137208 0.4973375932 0.0683043739 0.0500532481
0 0.5056920312 0.4515441960 0.0335530258 0.0308839191
11 0.7579861111 0.4972222222 0.0107638889 0.0320987654
28 0.7482638889 0.4966049383 0.0105902778 0.0311728395
1 0.7755208333 0.4959876543 0.0064236111 0.0327160494
5 0.5137500000 0.4529629630 0.0052083333 0.0166666667
24 0.4912500000 0.4522222222 0.0050000000 0.0159259259
10 0.5183333333 0.4529629630 0.0045833333 0.0162962963
12 0.4962500000 0.4529629630 0.0050000000 0.0148148148
4 0.5052083333 0.4533333333 0.0045833333 0.0151851852
1 0.5091666667 0.4533333333 0.0035416667 0.0162962963
3 0.7852864583 0.4962962963 0.0096354167 0.0310185185
3 0.7947916667 0.4960648148 0.0095052083 0.0314814815
6 0.8045572917 0.4960648148 0.0098958333 0.0317129630
