26 0.1266927083 0.2775462963 0.0131510417 0.0395833333
34 0.1399739583 0.2773148148 0.0127604167 0.0402777778
1 0.1634114583 0.2766203704 0.0098958333 0.0414351852
7 0.1750000000 0.2747685185 0.0127604167 0.0402777778
7 0.1864583333 0.2747685185 0.0126302083 0.0400462963
6 0.1985677083 0.2736111111 0.0115885417 0.0409722222
0 0.1632812500 0.2787037037 0.0865885417 0.0648148148
23 0.7350260417 0.1358796296 0.0088541667 0.0270833333
11 0.7428385417 0.1356481481 0.0072916667 0.0263888889
5 0.7503906250 0.1347222222 0.0096354167 0.0275462963
8 0.7654947917 0.1351851852 0.0087239583 0.0263888889
6 0.7734375000 0.1342592593 0.0083333333 0.0270833333
29 0.7809895833 0.1344907407 0.0082031250 0.0268518519
0 0.7582031250 0.1370370370 0.0554687500 0.0444444444
