9 0.1557819053 0.5431309904 0.0215698023 0.0681576145
6 0.1749550629 0.5441959531 0.0209706411 0.0670926518
8 0.1953265428 0.5452609159 0.0215698023 0.0692225772
24 0.2324745357 0.5495207668 0.0221689635 0.0670926518
28 0.2522468544 0.5516506922 0.0197723188 0.0713525027
18 0.2720191732 0.5537806177 0.0215698023 0.0660276890
0 0.2133013781 0.5484558040 0.1396045536 0.1096911608
6 0.9053325345 0.3684771033 0.0095865788 0.0266240682
6 0.8861593769 0.3663471778 0.0071899341 0.0287539936
5 0.8933493110 0.3684771033 0.0071899341 0.0276890309
0 0.8915518274 0.3663471778 0.0371479928 0.0468583600
