1 0.9141597748 0.1114241183 0.0116166463 0.0406452045
0 0.5696938634 0.3057377338 0.1030260995 0.0740999281
21 0.5290593170 0.3013844515 0.0149790294 0.0468583600
11 0.5428400240 0.3013844515 0.0155781905 0.0479233227
9 0.5578190533 0.3003194888 0.0155781905 0.0543130990
10 0.5841821450 0.3056443024 0.0167765129 0.0532481363
2 0.5973636908 0.3077742279 0.0149790294 0.0447284345
23 0.6111443978 0.3077742279 0.0173756741 0.0457933972
22 0.8861593769 0.1139510117 0.0119832235 0.0404685836
17 0.8963451168 0.1139510117 0.0095865788 0.0351437700
2 0.9233073697 0.1139510117 0.0107849011 0.0340788072
2 0.9316956261 0.1128860490 0.0101857400 0.0351437700
6 0.9406830437 0.1118210863 0.0089874176 0.0351437700
0 0.9143199521 0.1128860490 0.0695026962 0.0692225772
