18 0.1954166667 0.6868518519 0.0066666667 0.0212962963
17 0.2018750000 0.6864814815 0.0068750000 0.0209259259
8 0.2079166667 0.6872222222 0.0063541667 0.0211111111
10 0.2202083333 0.6888888889 0.0070833333 0.0211111111
4 0.2263541667 0.6894444444 0.0063541667 0.0218518519
12 0.2323958333 0.6901851852 0.0066666667 0.0209259259
0 0.2145833333 0.6892592593 0.0460416667 0.0366666667
0 0.4646875000 0.5566666667 0.0102083333 0.0094444444
0 0.5103125000 0.5201851852 0.0076041667 0.0064814815
0 0.5920833333 0.5381481481 0.0091666667 0.0062962963
