0 0.3476041667 0.7501851852 0.1072916667 0.1198148148
33 0.3076041667 0.7501851852 0.0132291667 0.0401851852
21 0.3207291667 0.7501851852 0.0138541667 0.0405555556
29 0.3333333333 0.7485185185 0.0128125000 0.0407407407
10 0.3611458333 0.7451851852 0.0135416667 0.0414814815
7 0.3742708333 0.7444444444 0.0130208333 0.0409259259
21 0.3875000000 0.7442592593 0.0144791667 0.0401851852
0 0.8683333333 0.0981481481 0.1037500000 0.1090740741
4 0.8294791667 0.0948148148 0.0151041667 0.0496296296
14 0.8448958333 0.0944444444 0.0165625000 0.0496296296
7 0.8606250000 0.0942592593 0.0155208333 0.0527777778
10 0.8761458333 0.0938888889 0.0160416667 0.0511111111
7 0.8913541667 0.0942592593 0.0154166667 0.0522222222
7 0.9065625000 0.0938888889 0.0162500000 0.0524074074
