18 0.3588975434 0.4771033014 0.0215698023 0.0649627263
28 0.3391252247 0.4739084132 0.0191731576 0.0670926518
0 0.3213541667 0.4726851852 0.1356770833 0.1141203704
20 0.3781250000 0.4800925926 0.0220052083 0.0636574074
8 0.2843750000 0.4650462963 0.0187500000 0.0613425926
8 0.3028645833 0.4687500000 0.0199218750 0.0622685185
20 0.8988281250 0.1398148148 0.0089843750 0.0275462963
10 0.8841145833 0.1388888889 0.0087239583 0.0263888889
8 0.8696614583 0.1368055556 0.0088541667 0.0273148148
32 0.8625000000 0.1361111111 0.0075520833 0.0280092593
17 0.8545572917 0.1356481481 0.0089843750 0.0280092593
4 0.8912760417 0.1393518519 0.0078125000 0.0266203704
0 0.8773437500 0.1381944444 0.0583333333 0.0567129630
