0 0.9273437262 0.3750000000 0.0682291687 0.0611111112
20 0.1351562440 0.4379629493 0.0078125000 0.0259259250
22 0.1277083333 0.4383333333 0.0085416667 0.0251851852
5 0.1423958333 0.4385185185 0.0077083333 0.0244444444
2 0.1565625000 0.4396296296 0.0084375000 0.0250000000
2 0.1638541667 0.4401851852 0.0071875000 0.0246296296
33 0.1709375000 0.4400000000 0.0080208333 0.0255555556
0 0.1490625000 0.4383333333 0.0561458333 0.0518518519
15 0.9101041667 0.3737037037 0.0096875000 0.0309259259
8 0.9187500000 0.3735185185 0.0097916667 0.0287037037
14 0.9006250000 0.3733333333 0.0096875000 0.0301851852
6 0.9368750000 0.3742592593 0.0092708333 0.0301851852
2 0.9460416667 0.3751851852 0.0087500000 0.0292592593
32 0.9550000000 0.3746296296 0.0093750000 0.0296296296
